- Work for EvilCorp(TM) as sysadmin
- access to upload own picture or to choose from others to convert to ansi display pic
- browse company intranet forums
- solve sysadmin issues uncovering unnerving things in the process
- contacted by unknown org hoping to uncover EvilCorp(TM)
- tale of triple cross backstab & intruige
- morally amiguous ending(s)
- feature list recquired
- inspect users using high cpu volume etc. 
- inspect personal VMS, employees using thin clients to connect to VMS
- everything text based retrofuture GUI's don't exist for some reason (compatibility between 1000s of systems maybe)



    #image-to-ansi.py test [WORKING]
    #os.system("bin/python image-to-ansi.py Images/Users-10/User1.jpg")
    #os.system("bin/python image-to-ansi.py Images/Users-25/User1.jpg")
    #os.system("bin/python image-to-ansi.py Images/Users-50/User1.jpg")
    #os.system("bin/python image-to-ansi.py Images/Users-10/User2.jpg")
    #os.system("bin/python image-to-ansi.py Images/Users-25/User2.jpg")
    #os.system("bin/python image-to-ansi.py Images/Users-50/User2.jpg")
    #os.system("bin/python image-to-ansi.py Images/Users-10/User3.jpg")
    #os.system("bin/python image-to-ansi.py Images/Users-25/User3.jpg")
    #os.system("bin/python image-to-ansi.py Images/Users-50/User3.jpg")
    #os.system("bin/python image-to-ansi.py Images/Users-10/User4.jpg")
    #os.system("bin/python image-to-ansi.py Images/Users-25/User4.jpg")
    #os.system("bin/python image-to-ansi.py Images/Users-50/User4.jpg")
    #os.system("bin/python image-to-ansi.py Images/Users-10/User5.jpg")
    #os.system("bin/python image-to-ansi.py Images/Users-25/User5.jpg")
    #os.system("bin/python image-to-ansi.py Images/Users-50/User5.jpg")
    #os.system("bin/python image-to-ansi.py Images/Users-10/User6.jpg")
    #os.system("bin/python image-to-ansi.py Images/Users-25/User6.jpg")
    #os.system("bin/python image-to-ansi.py Images/Users-50/User6.jpg")


\e[38;5;238;48;5;238m▄\e[38;5;234;48;5;238m▄\e[38;5;234;48;5;234m▄\e[38;5;95;48;5;234m▄\e[38;5;238;48;5;232m▄\e[38;5;237;48;5;233m▄\e[38;5;236;48;5;236m▄\e[38;5;237;48;5;58m▄\e[38;5;238;48;5;238m▄\e[38;5;237;48;5;237m▄\e[m
\e[38;5;235;48;5;236m▄\e[38;5;233;48;5;232m▄\e[38;5;95;48;5;238m▄\e[38;5;174;48;5;174m▄\e[38;5;181;48;5;180m▄\e[38;5;181;48;5;131m▄\e[38;5;174;48;5;137m▄\e[38;5;239;48;5;237m▄\e[38;5;237;48;5;237m▄\e[38;5;236;48;5;237m▄\e[m
\e[38;5;234;48;5;235m▄\e[38;5;95;48;5;233m▄\e[38;5;137;48;5;95m▄\e[38;5;180;48;5;95m▄\e[38;5;173;48;5;137m▄\e[38;5;174;48;5;138m▄\e[38;5;174;48;5;95m▄\e[38;5;95;48;5;238m▄\e[38;5;237;48;5;235m▄\e[38;5;235;48;5;236m▄\e[m
\e[38;5;234;48;5;233m▄\e[38;5;232;48;5;95m▄\e[38;5;239;48;5;95m▄\e[38;5;137;48;5;180m▄\e[38;5;137;48;5;137m▄\e[38;5;137;48;5;138m▄\e[38;5;137;48;5;174m▄\e[38;5;238;48;5;95m▄\e[38;5;236;48;5;237m▄\e[38;5;234;48;5;235m▄\e[m
\e[38;5;233;48;5;233m▄\e[38;5;235;48;5;233m▄\e[38;5;239;48;5;237m▄\e[38;5;95;48;5;101m▄\e[38;5;137;48;5;138m▄▄\e[38;5;137;48;5;95m▄\e[38;5;137;48;5;237m▄\e[38;5;237;48;5;233m▄\e[38;5;236;48;5;232m▄\e[m

ansi_text2 = '[38;5;32;48;5;254m▓[38;5;26;48;5;254m▓[38;5;32;48;5;254m▓[38;5;32;48;5;254m▓[38;5;69;48;5;254m▓[38;5;25;48;5;254m▓[38;5;32;48;5;254m▓[38;5;69;48;5;254m▓[38;5;27;48;5;253m▓[38;5;32;48;5;188m▓[38;5;26;48;5;252m▓[38;5;45;48;5;250m▓[38;5;26;48;5;245m▓[38;5;67;48;5;7m▓[38;5;27;48;5;254m▓[38;5;68;48;5;255m▓[38;5;86;48;5;254m▓[38;5;25;48;5;254m▓[38;5;32;48;5;254m▓[38;5;25;48;5;254m▓[38;5;81;48;5;254m▓[38;5;25;48;5;254m▓[38;5;72;48;5;253m▓[38;5;25;48;5;253m▓[38;5;79;48;5;253m▓[0m\n[38;5;25;48;5;253m▓[38;5;67;48;5;254m▓[38;5;69;48;5;254m▓[38;5;45;48;5;254m▓[38;5;74;48;5;254m▓[38;5;45;48;5;252m▓[38;5;130;48;5;232m▒[38;5;16;48;5;16m▓[38;5;16;48;5;16m▓[38;5;209;48;5;232m░[38;5;209;48;5;232m▒[38;5;202;48;5;233m▒[38;5;16;48;5;16m▓[38;5;202;48;5;232m░[38;5;202;48;5;232m░[38;5;16;48;5;16m▓[38;5;179;48;5;237m▓[38;5;43;48;5;252m▓[38;5;113;48;5;254m▓[38;5;113;48;5;254m▓[38;5;27;48;5;254m▓[38;5;101;48;5;253m▓[38;5;66;48;5;253m▓[38;5;79;48;5;253m▓[38;5;66;48;5;253m▓[0m\n[38;5;66;48;5;253m▓[38;5;78;48;5;253m▓[38;5;74;48;5;253m▓[38;5;74;48;5;253m▓[38;5;179;48;5;235m▓[38;5;16;48;5;16m▓[38;5;16;48;5;16m▓[38;5;16;48;5;16m▓[38;5;16;48;5;16m▓[38;5;216;48;5;232m [38;5;216;48;5;233m [38;5;202;48;5;52m░[38;5;166;48;5;94m░[38;5;202;48;5;52m░[38;5;216;48;5;234m [38;5;52;48;5;16m [38;5;16;48;5;16m▓[38;5;52;48;5;16m [38;5;220;48;5;239m▓[38;5;72;48;5;253m▓[38;5;149;48;5;253m▓[38;5;78;48;5;253m▓[38;5;65;48;5;253m▓[38;5;101;48;5;253m▓[38;5;78;48;5;253m▓[0m\n[38;5;45;48;5;188m▓[38;5;66;48;5;188m▓[38;5;67;48;5;253m▓[38;5;172;48;5;233m▓[38;5;16;48;5;16m▓[38;5;16;48;5;16m▓[38;5;16;48;5;16m▓[38;5;52;48;5;16m [38;5;216;48;5;52m [38;5;202;48;5;94m░[38;5;202;48;5;130m░[38;5;166;48;5;173m▒[38;5;166;48;5;173m░[38;5;166;48;5;173m░[38;5;166;48;5;173m▒[38;5;202;48;5;130m░[38;5;216;48;5;52m░[38;5;52;48;5;16m [38;5;16;48;5;16m▓[38;5;16;48;5;16m▓[38;5;178;48;5;251m▓[38;5;253;48;5;253m▓[38;5;101;48;5;253m▓[38;5;65;48;5;253m▓[38;5;78;48;5;188m▓[0m\n[38;5;38;48;5;188m▓[38;5;66;48;5;188m▓[38;5;84;48;5;145m▓[38;5;16;48;5;16m▓[38;5;16;48;5;16m▓[38;5;16;48;5;16m▓[38;5;16;48;5;16m▓[38;5;216;48;5;52m░[38;5;216;48;5;94m░[38;5;202;48;5;130m░[38;5;166;48;5;130m░[38;5;166;48;5;173m░[38;5;166;48;5;173m░[38;5;166;48;5;209m░[38;5;166;48;5;173m░[38;5;166;48;5;166m░[38;5;202;48;5;130m░[38;5;202;48;5;94m░[38;5;16;48;5;16m▓[38;5;16;48;5;16m▓[38;5;16;48;5;16m▓[38;5;79;48;5;253m▓[38;5;81;48;5;253m▓[38;5;65;48;5;253m▓[38;5;112;48;5;188m▓[0m\n[38;5;72;48;5;252m▓[38;5;149;48;5;251m▓[38;5;16;48;5;16m▓[38;5;16;48;5;16m▓[38;5;16;48;5;16m▓[38;5;16;48;5;16m▓[38;5;209;48;5;233m [38;5;202;48;5;52m░[38;5;202;48;5;94m░[38;5;166;48;5;94m░[38;5;166;48;5;130m░[38;5;166;48;5;130m░[38;5;180;48;5;172m░[38;5;180;48;5;172m░[38;5;166;48;5;166m░[38;5;166;48;5;130m▒[38;5;166;48;5;130m▒[38;5;166;48;5;130m░[38;5;52;48;5;16m [38;5;16;48;5;16m▓[38;5;16;48;5;16m▓[38;5;166;48;5;244m▓[38;5;67;48;5;188m▓[38;5;66;48;5;188m▓[38;5;113;48;5;188m▓[0m\n[38;5;24;48;5;252m▓[38;5;234;48;5;234m▓[38;5;16;48;5;16m▓[38;5;16;48;5;16m▓[38;5;16;48;5;16m▓[38;5;16;48;5;16m▓[38;5;202;48;5;52m░[38;5;209;48;5;233m [38;5;209;48;5;233m░[38;5;131;48;5;233m▓[38;5;166;48;5;58m▒[38;5;216;48;5;52m [38;5;166;48;5;130m░[38;5;166;48;5;130m░[38;5;216;48;5;52m░[38;5;209;48;5;232m [38;5;180;48;5;239m▒[38;5;216;48;5;52m░[38;5;202;48;5;52m░[38;5;16;48;5;16m▓[38;5;16;48;5;16m▓[38;5;16;48;5;16m▓[38;5;101;48;5;7m▓[38;5;45;48;5;252m▓[38;5;66;48;5;252m▓[0m\n[38;5;66;48;5;7m▓[38;5;221;48;5;234m▓[38;5;16;48;5;16m▓[38;5;16;48;5;16m▓[38;5;16;48;5;16m▓[38;5;52;48;5;16m [38;5;202;48;5;52m░[38;5;166;48;5;130m░[38;5;166;48;5;172m░[38;5;166;48;5;173m░[38;5;166;48;5;173m░[38;5;202;48;5;130m░[38;5;166;48;5;172m░[38;5;215;48;5;209m░[38;5;166;48;5;208m░[38;5;215;48;5;215m░[38;5;208;48;5;215m░[38;5;215;48;5;208m░[38;5;202;48;5;94m░[38;5;16;48;5;16m▓[38;5;16;48;5;16m▓[38;5;16;48;5;16m▓[38;5;172;48;5;245m▓[38;5;190;48;5;252m▓[38;5;148;48;5;251m▓[0m\n[38;5;32;48;5;246m▓[38;5;137;48;5;233m▓[38;5;16;48;5;16m▓[38;5;16;48;5;16m▓[38;5;16;48;5;16m▓[38;5;130;48;5;236m▓[38;5;209;48;5;233m [38;5;216;48;5;94m░[38;5;202;48;5;130m░[38;5;202;48;5;130m░[38;5;202;48;5;94m░[38;5;202;48;5;52m░[38;5;202;48;5;94m░[38;5;202;48;5;94m░[38;5;202;48;5;94m░[38;5;202;48;5;130m░[38;5;202;48;5;130m░[38;5;166;48;5;166m░[38;5;202;48;5;52m░[38;5;16;48;5;16m▓[38;5;16;48;5;16m▓[38;5;16;48;5;16m▓[38;5;173;48;5;232m░[38;5;220;48;5;145m▓[38;5;149;48;5;7m▓[0m\n[38;5;101;48;5;238m▓[38;5;209;48;5;16m [38;5;16;48;5;16m▓[38;5;16;48;5;16m▓[38;5;16;48;5;16m▓[38;5;16;48;5;16m▓[38;5;52;48;5;16m [38;5;216;48;5;52m [38;5;216;48;5;1m░[38;5;216;48;5;52m [38;5;209;48;5;52m [38;5;209;48;5;52m░[38;5;209;48;5;94m▒[38;5;173;48;5;130m▒[38;5;209;48;5;1m░[38;5;202;48;5;94m░[38;5;202;48;5;94m░[38;5;202;48;5;94m░[38;5;202;48;5;233m░[38;5;16;48;5;16m▓[38;5;16;48;5;16m▓[38;5;209;48;5;16m [38;5;209;48;5;16m [38;5;214;48;5;246m▓[38;5;190;48;5;250m▓[0m\n[38;5;68;48;5;243m▓[38;5;101;48;5;241m▓[38;5;16;48;5;16m▓[38;5;16;48;5;16m▓[38;5;16;48;5;16m▓[38;5;16;48;5;16m▓[38;5;16;48;5;16m▓[38;5;52;48;5;232m [38;5;209;48;5;52m [38;5;216;48;5;52m [38;5;202;48;5;94m░[38;5;209;48;5;52m░[38;5;209;48;5;88m░[38;5;209;48;5;94m░[38;5;216;48;5;94m░[38;5;202;48;5;130m░[38;5;216;48;5;1m░[38;5;16;48;5;16m▓[38;5;16;48;5;16m▓[38;5;16;48;5;16m▓[38;5;16;48;5;16m▓[38;5;166;48;5;233m▓[38;5;137;48;5;242m▓[38;5;94;48;5;247m▓[38;5;101;48;5;249m▓[0m\n[38;5;38;48;5;250m▓[38;5;16;48;5;16m▓[38;5;16;48;5;16m▓[38;5;16;48;5;16m▓[38;5;16;48;5;16m▓[38;5;16;48;5;16m▓[38;5;16;48;5;16m▓[38;5;16;48;5;16m▓[38;5;52;48;5;232m [38;5;52;48;5;233m [38;5;209;48;5;52m [38;5;202;48;5;94m░[38;5;202;48;5;130m░[38;5;202;48;5;130m░[38;5;202;48;5;94m░[38;5;209;48;5;52m [38;5;16;48;5;16m▓[38;5;16;48;5;16m▓[38;5;16;48;5;16m▓[38;5;16;48;5;16m▓[38;5;16;48;5;16m▓[38;5;16;48;5;16m▓[38;5;130;48;5;243m▓[38;5;220;48;5;248m▓[38;5;221;48;5;248m▓[0m\n[38;5;190;48;5;145m▓[38;5;172;48;5;234m▓[38;5;173;48;5;236m▓[38;5;16;48;5;16m▓[38;5;16;48;5;16m▓[38;5;52;48;5;16m [38;5;52;48;5;232m [38;5;52;48;5;16m [38;5;52;48;5;232m [38;5;52;48;5;233m [38;5;52;48;5;233m [38;5;52;48;5;233m [38;5;52;48;5;52m [38;5;209;48;5;52m [38;5;216;48;5;1m [38;5;216;48;5;52m [38;5;209;48;5;52m [38;5;209;48;5;52m [38;5;216;48;5;1m [38;5;52;48;5;233m [38;5;16;48;5;16m▓[38;5;16;48;5;16m▓[38;5;166;48;5;95m▓[38;5;137;48;5;242m▓[38;5;94;48;5;248m▓[0m'